Genomic bins	SERC_517_10	SERC_517_11	SERC_517_12	SERC_517_13	SERC_517_8	SERC_517_9	SERC_517_6	SERC_517_7	SERC_517_4	SERC_517_5	SERC_517_3	SERC_Zymo_Pos_Control
bin.323	0.795193968286	1.49407049185	68.8894000223	15.6913068395	16.40803261	86.2692384847	1.02342596722	39.7674683991	0.0871879261299	0.0056207165341	0.0347372036007	0.105665128756
bin.91	22.462944692	11.3438993678	16.7118616849	21.510007039	23.5404058562	22.5357595246	14.6367581645	24.1798085558	6.5644751441	2.87558254607	13.3684778452	0.105255582326
bin.267	0.214479878738	0.939797608873	0.112342829094	0.0740446714094	0.194481855944	0.141069583113	0.758267035671	0.517895526411	3.62611504443	3.05363194422	3.42990696243	0.00397596758071
bin.89	0.5005191067	0.0641150745799	0.243642870742	0.966839955211	0.547570238464	0.311315598888	0.0606827095036	0.115451602385	1.4303735697	0.076192654228	1.80584370811	0.00398614696931
bin.9	0.0105720390236	0.00887657018371	0.00967505454558	0.00923546274809	0.0066132123683	0.00658192512202	0.0114144348331	0.00347754822646	0.00601245869412	0.00296141318313	0.00714055417298	36.4502669135
bin.141	0.787042690845	0.62233292401	1.16517317082	1.17565801692	0.993713561286	1.25422106574	0.739811307703	1.07230424503	0.316657584423	0.136130837629	0.525536935638	0.00505547124808
bin.4	0.00367048842555	0.00463853848873	0.00421717217182	0.0041549182779	0.00323588369174	0.00459682663185	0.01446254465	0.00165886821326	0.00265478175529	0.00402933893018	0.0020242042162	661.900081083
bin.145	1.26727597412	0.579941096308	1.64012099381	1.46539124117	1.76038452849	1.73461725729	0.532653771645	1.55641545592	1.50133587589	0.394625108813	1.71001803111	0.00305732651336
bin.256	2.54571698163	0.431338297512	0.327174817408	0.317279247371	0.447403180856	0.465576404142	0.89819038353	0.923083320437	0.366820149235	0.30400629582	0.779729710547	0.00450703080779
bin.198	1.14969877773	0.427479827053	1.06681871604	0.569511277944	0.710717285706	0.651846540895	0.544105525169	0.975865083934	1.19450161951	0.62595547796	1.03500411067	0.00648736220184
bin.6	0.0164541531971	0.0156759371317	0.0172079011542	0.0211936153734	0.0180342818151	0.0175640806497	0.0139149208935	0.0143522652949	0.00487470413688	0.00955146285934	0.00754564831917	930.94803261
bin.59	1.51023099794	2.28389970729	1.39775560788	2.89662481308	2.61540432714	1.6490114898	1.46905617786	1.7493684849	2.46010457397	1.05967616862	1.38913575186	0.00963979662701
bin.325	0.0157960937013	0.0259335226696	0.773848619926	0.0361878104013	0.00445926702826	0.0157432532337	0.0298851178113	0.327721601019	0.0190427938452	0.0105134002943	3.5496020221	0.0
bin.119	0.0102291575579	0.0284742690357	0.00798731284456	0.0124892668066	0.0152478457799	0.0264700244581	4.50159419034	0.00842256222096	0.0122670616248	0.0336063607806	0.00758246866811	0.00712789334856
bin.213	0.59118606523	0.281551854883	0.42576038918	0.665501919533	1.01708898498	0.603678156649	0.378317270581	0.462024792662	0.877770228442	0.289499134174	1.02540387417	0.00569861622365
bin.214	0.899223828056	0.415132579079	0.603764010447	0.7463422142	1.07729461036	1.16575816648	0.0967891739271	0.840015551605	1.13486194764	0.44590346033	1.55231782765	0.0224268160291
bin.258	3.45141256751	1.47809277863	4.8967630616	4.79681025719	5.07105447789	6.06786691845	0.607301641506	3.65121165261	6.20744736485	1.05711925409	6.58221767665	0.0232030715475
bin.218	0.161032137594	0.271153004738	0.0678617360596	0.194022495195	0.287686797107	0.0874233892124	0.305553074392	0.106682738963	4.50477185939	3.6262704173	1.00219337089	0.00506502322844
bin.130	0.566597298546	0.689155099732	0.595229002041	1.43582307736	1.02622506558	0.572680577603	0.461891186001	0.487257409587	1.36806752813	0.375341004668	0.904571601323	0.00511068945233
bin.102	1.50668700796	2.53788743364	5.88323736821	4.15417219445	1.18232127512	1.63243798667	0.672995875772	1.38530862905	0.0977225976011	0.0712796217324	0.159879709223	0.180798824203
bin.208	0.174974926687	0.088548183137	0.325177558962	0.579634899979	0.351361722498	0.45176538926	0.0834444046936	0.170318708958	2.61200507945	0.119555869126	1.68428402616	0.005451319508
bin.243	3.80941914509	3.56625030533	3.04150401826	3.58873511088	4.26482846231	3.66798228068	2.27544587077	3.77484510696	0.513644221499	0.0998414425668	0.287898985063	0.0211484687861
bin.215	0.809053632892	0.290115497741	0.834104068542	0.880907324645	1.14417592396	1.23784732174	0.369884267642	0.841373523367	0.884585855938	0.199114510034	1.11055356251	0.0214148404839
bin.85	0.0278605811176	10.8834771213	0.0181313331171	0.18517432032	0.0161282920077	0.0181560349469	0.107976881157	0.0154430979199	0.0535392150329	0.0122125738205	0.272301630158	0.00252133404931
bin.180	6.92242021863	0.139743169542	2.83126128025	2.31793542665	0.431511151854	7.11733384521	0.321037452884	3.71842456603	5.1672746082	0.180112479924	9.37287476616	0.0197141882905
bin.101	1.63920883665	0.0143977493024	2.77552675483	0.135013988194	0.048648777048	0.192503415486	0.0758858061642	3.66383085726	0.0428833838065	0.00920634147365	0.113403021243	0.0117277745365
bin.230	4.58378022954	0.958780076198	5.52614830222	4.8147837932	11.1697508471	11.3021679439	0.232362610528	5.6092117082	6.00100802809	0.511786569353	10.403808956	0.0340044435032
bin.194	0.445306842504	0.0383057250161	0.719845547185	0.479305575033	0.416863459439	2.28694774659	0.0695680804957	0.413165127394	2.09219947418	0.0795722464964	1.53546833043	0.00331910979317
bin.20	22.1749521867	5.71189980679	23.9899127426	22.6319902326	24.1557997553	30.7051783252	9.89875365539	20.0477651074	19.9811801423	3.86640850551	18.8050710092	0.157470344544
bin.45	1.48846821712	0.819982080218	1.7406621697	1.28731504965	1.87900609692	2.78666355121	1.23285633655	2.79289026662	0.220608894979	0.230547571615	0.416894497583	0.0
bin.70	0.975405618633	0.781431253099	1.08623686644	1.24799961211	0.988062656538	1.38356144034	0.806585780656	1.08945415296	0.363010437326	0.2161398599	0.377684163776	0.00452744184522
bin.206	6.40922878809	2.43610053465	6.35612253322	5.61078181708	8.74624537126	8.06711368212	1.88945355894	7.81113780647	7.87741946077	1.67193947672	8.83464037791	0.0493271349822
bin.233	0.582302775018	0.256414096557	0.52686405945	0.434677883049	0.61153205423	0.636658482832	0.292485535024	0.561404208649	1.15231512254	0.359423413618	1.18293942098	0.00450848633417
bin.160	0.653047316274	0.214367650212	0.387774090096	0.522577334335	0.892043950142	0.733074286898	0.445770453527	0.666548786923	0.515017950446	0.0989402143497	0.502841450107	0.00667253251031
bin.318	1.58512732265	0.18871162978	7.98231043701	14.8022220017	7.52747326968	8.44903131809	0.0895698460554	2.09881019099	0.582207698503	0.0185442634025	1.01666714049	0.0325899121364
bin.238	2.73936153121	0.130452578872	0.437007585474	0.259338037944	0.483181346612	0.481145437578	0.770207279598	0.54711130716	0.731208635292	0.158715146739	0.259292521999	0.00755514672854
bin.277	0.509591372258	0.254047886167	0.481604646321	0.883131684219	0.706902701252	0.478470684048	0.222995426725	0.464574340485	1.20589025874	0.126946335369	0.775494411044	0.0
bin.291	1.49214284365	0.880301615535	1.61988216846	2.10326052628	1.6931991588	1.82999920681	0.847236064461	1.59719944095	2.06025392006	0.548910947	2.14096365993	0.0
bin.248	0.908123117972	0.583110768811	0.734075929987	0.831384614961	1.07999650405	0.81900409032	0.78063238579	1.11851364626	1.19263838296	0.467910578101	1.20276435435	0.0
bin.283	1.1354140846	0.261969307478	0.702238525635	0.480764422847	0.685705456159	0.548326096551	1.03004648035	1.23039113034	0.409969039268	0.175320414225	0.528438830677	0.00303435103511
bin.43	8.39104277528	5.34259227159	7.4959271023	9.89153351617	9.27055555512	8.89257351152	5.56549381954	9.78022197331	1.84510970697	0.866817888471	3.40641843434	0.0188096792181
bin.157	12.2746767139	0.075224606099	17.0318350112	0.706009050412	0.749653550412	7.72722295929	2.49188742875	7.11432387813	4.34413699235	0.0346212064078	1.02232814667	0.0204480395161
bin.34	0.0736730308036	0.0954705567159	0.0292588822923	0.0539864454081	0.0612004697308	0.0349877253531	4.56023355288	0.04199069193	0.0320799493431	0.0734165541631	0.0257341491775	0.0802728583973
bin.13	33.3180244228	16.7120631115	35.7523354909	31.1267929141	18.957727673	32.764797936	14.4486246479	25.1403247499	3.64231191943	2.07572984682	3.4091787619	2.51817381751
bin.328	3.13430400349	1.28093672716	4.19902410083	3.96045612428	4.35634332206	5.15498687029	0.559919962265	3.15360065794	5.60650442724	0.916650117808	5.58585925499	0.0
bin.138	1.09563013763	0.607767729775	1.60308592872	1.55554785078	1.09983251663	1.56282970758	0.68503830206	1.39881225	0.255795140456	0.116327220525	0.372177651876	0.00811280314165
bin.292	0.585914261601	1.08949433197	2.02134899435	1.71441797822	1.76619682412	2.01542749283	0.0994283810081	1.38911820277	0.179456342017	0.181223996221	0.52484315654	0.00637087544284
bin.189	1.39505979105	1.02531417654	1.79239195502	1.72400535773	1.67699856777	2.49695436047	1.73045912946	2.292069372	0.888354503738	0.351384940352	1.07077630259	0.00897564993556
bin.278	0.338932971429	0.057789444148	0.945768434826	0.388842382693	0.0373693286595	0.767696055417	0.150502368455	9.81204632595	0.101401342539	0.129921064684	0.0374982584369	0.00409797257774
bin.37	0.718972337066	0.417653872127	0.851437992762	0.741302119854	0.782912318586	0.880749757649	0.827790036727	0.769197317887	0.641012773382	0.222216252595	0.630465922352	0.00352296344073
bin.314	0.682830838679	0.484053999182	1.03916309916	0.738554961106	0.94187507994	1.03222600632	0.813887253104	1.45227798851	0.442959941391	0.246847524949	0.609330724402	0.0
bin.121	1.00603494704	0.692641027168	2.02704151256	1.7943317177	0.765158286832	1.17122244293	0.448193182101	0.861564652967	1.2228852071	0.231850154453	1.80698336271	0.050959202751
bin.264	0.182453883168	0.184039505911	0.0765413918011	0.0658903654099	0.0815465066977	0.0635321056458	0.310153743133	0.31565406948	1.02590532163	1.36535701699	4.40658963467	0.0061586291286
bin.284	0.492719088962	0.373974739971	0.418384628313	0.537794671589	0.9527231695	0.664081893921	0.503111094193	0.695546901975	1.32942835852	0.240107821168	0.878983736012	0.0053406926067
bin.81	3.59278349057	1.92611775366	3.89981211094	3.66600172185	4.17024267086	4.94054622484	2.92461928663	4.71224269281	1.54612973977	0.772879987724	2.04843113021	0.0257011933221
bin.22	1.0534016416	2.21295734489	0.84879097272	2.19333808648	4.18228948329	2.16877060773	3.23746244097	1.82710061349	1.09132666109	1.03895297283	0.780771022379	0.0114634674527
bin.251	1.28366276028	0.666105130437	1.93728698426	1.59972359473	1.29192716821	2.14333546553	0.987019197285	1.36019353165	1.22078833082	0.259889395495	1.15426662608	0.0190283065916
bin.114	0.72015874292	0.1759404982	0.576690145528	0.790687970762	0.621847128056	0.585285905723	0.252313183477	0.469000625246	2.27347668254	0.291651031696	2.01546906432	0.006933806959
bin.255	0.812468665691	0.399201195006	1.58285553186	0.993200594289	0.63183765833	0.720984900856	0.34295621369	0.586254896286	0.586865303318	0.264926405139	0.829362170337	0.00716387475189
bin.329	0.633884282734	0.49619429067	0.683648216753	0.713251463898	0.927421351013	1.02164193192	0.462267230039	0.691965393781	3.02837960156	0.689245211434	2.67342650848	0.0
bin.309	2.02523399154	0.0900071370228	1.74151829737	0.573579494954	0.21156138721	0.667287333903	0.0846187779943	0.560377993958	0.173567276935	0.0506541686652	0.560825620873	0.00471555101084
bin.261	2.91401390672	0.0517890294255	1.66039351427	0.905543383891	0.0457003167196	0.17688003421	0.0620138621785	0.537047047827	8.08286862903	0.11803476057	0.33211814252	0.00341976990293
bin.83	1.24016860526	0.0452995084307	6.15617523051	0.636186641663	0.110121175144	0.706455791624	0.0710109830487	1.36407148068	0.341816423239	0.0152622759485	0.637437700371	0.0073024066063
bin.62	3.46352066097	74.7146842864	2.66953791111	35.562039721	31.461210632	5.94023367577	67.446729024	3.54275201785	0.637361903611	17.08201877	0.565812254499	0.144613011873
bin.250	1.92701493625	0.797481831533	2.2706511313	2.01279832297	2.74978407717	2.60736938343	0.694855662915	2.45230184422	2.66424532067	0.637024275669	3.21889985755	0.0108711628247
bin.177	2.96476894051	0.489146721836	0.295141860152	0.300649700067	0.409185397341	0.417668125285	1.17214148811	0.737381165781	0.370430600884	0.360667165925	0.629180238368	0.00424517869195
bin.8	0.197292275434	0.40814828867	0.278643877699	0.180491272234	0.12677792944	0.151268783978	0.369550735934	0.23919901721	0.6697785512	0.610828722008	0.558672549534	474.379489417
bin.148	0.941466526109	0.450855843254	2.76177737306	1.38659643544	1.08831574267	2.35411508627	0.672203849509	1.10796534411	1.2730390404	0.184333538273	1.42821760937	0.00670337966451
bin.274	1.1663093287	0.246977377218	1.05741181654	1.1377760462	0.355226407262	0.61409571788	0.678776288697	1.39616611834	0.572723405833	0.259369145432	1.31251365833	0.00502540570132
bin.96	0.831171107616	0.660207655746	0.757245477774	0.767154811055	1.46245277432	1.09773965554	0.640409482455	1.01420989041	2.42792766723	0.550504066489	1.81625279369	0.0252136789311
bin.220	0.490840806889	0.307220309661	1.29805349714	0.866755962225	0.754884451248	0.808995734226	0.245542423558	0.483382404093	0.723463222994	0.137060878231	1.05115887117	0.0120414900775
bin.143	6.01523730314	2.1190457575	7.2186939207	6.57587674483	4.04744190343	5.72837591776	3.0959971421	5.74126055016	3.45113062224	1.06038853481	3.89987791213	0.0310103343665
bin.12	8.15134853894	19.8967245601	13.7498985952	8.4757473783	7.31488769657	8.49601383676	17.6103074071	11.0812536679	25.1783332227	12.3980515861	16.037867811	1.12098114443
bin.1	0.00504612052901	0.00617109019301	0.00514510890863	0.00570579212286	0.00414451462282	0.00471127960359	0.00283491058574	0.00258375969442	0.00219383816649	0.0054095200261	0.00257042685491	1189.19225327
bin.129	2.47069939083	0.0166169388081	4.48043939537	2.9823161644	0.429076430384	2.12133120728	0.206498105389	2.43980733359	0.537368374048	0.076666763468	2.50918644819	0.00370018324042
bin.222	0.838936996013	0.618637978242	1.02007121406	1.22977672481	0.982805350913	1.08862876101	0.737341681851	0.979766162017	0.848899787606	0.433556147066	0.810701325292	0.0107997121831
bin.225	0.0248480876256	0.0399669187314	0.0149653648722	0.0279996418395	0.0165149696694	0.0411211498164	83.800463957	0.0104653622135	0.0115787145456	0.00901866079441	0.00531354308929	0.0342429713692
bin.259	0.254869732106	0.583905394902	0.100125170434	0.0757442175054	0.153128209633	0.134531562628	0.652177510428	0.508308867442	2.39971118395	2.75946073418	2.50324047521	0.00298845456849
bin.173	5.72167105696	1.00013468008	5.56216940721	8.72517396941	7.27736523851	7.18296594174	0.218769307835	5.42965902604	3.18394260431	0.0398533691234	1.66802759073	0.0312238924867
bin.25	318.141261418	156.211551828	350.85513319	361.842723367	183.521896558	396.129235899	118.194702975	252.907408399	32.7357003999	24.9107546509	26.5752093928	68.8299875144
bin.195	3.17430872243	0.0213424306967	5.71110769834	3.54786823767	0.607293588762	2.54225945533	0.275367619608	2.46545372437	0.708856491795	0.111726640644	3.24501992547	0.010118473767
bin.321	0.842726458	0.747007010703	0.818656661016	0.935077752255	1.25315023002	1.26135885377	0.831342578505	1.47119261725	0.25087877009	0.137124990376	0.236502399351	0.00305353899731
bin.205	3.38070570391	1.34256764877	4.39907087934	4.5380621158	4.73563950164	5.43206760955	0.562906019216	3.48362980296	5.83766933597	0.971022146214	5.93126400577	0.0232627573407
bin.312	1.54103288223	3.81270922905	0.892242313038	3.12695807766	1.39450479958	1.61089760946	1.88516352708	2.47369569127	2.34706949833	6.48355408854	3.83516245136	0.0102769043554
bin.290	0.469543221529	0.447398789789	0.347106739279	0.809036899611	0.746782523863	0.456500018613	0.645765955003	0.658320206186	2.5323467695	0.803848950761	1.23791019065	0.0
bin.313	0.833673422052	0.475970600163	1.13835896958	1.15669132041	0.953417407301	1.28891366879	0.527555390702	1.52117346912	0.200012635569	0.089794562324	0.256524353209	0.0
bin.53	1.11429802937	0.342736748969	0.495764121716	0.299086629462	0.373790334086	0.552100234818	0.147951060973	0.488539429838	1.83323174201	0.495713796074	0.554057467321	0.00188384339428
bin.134	2.14209428774	0.676967261606	3.08018851248	3.06769481876	3.153158828	3.8624076148	0.385981104666	2.16386908454	3.47500473955	0.576667457625	3.80620190909	0.0253657453953
bin.84	1.80029443217	0.434681037567	3.92706635859	0.226293402733	0.466647457074	3.1131213775	0.25049486277	7.2952019902	0.118126396397	0.308821005725	0.341336583387	0.00708468947805
bin.74	0.901457257202	0.531724094381	1.08138393571	1.1317704527	1.04475007406	1.38883065659	0.721957943685	1.11032044904	0.615792960999	0.157639419925	0.652459782243	0.00186813482206
bin.108	0.321995606282	0.843965386025	0.141881279534	0.365791627681	0.668638397014	0.191611744304	1.15872119881	0.209684001786	0.728443484323	2.22907276665	0.455258449805	0.00958257196335
bin.155	1.9127737755	6.36463527531	1.33064484682	3.39087680994	3.90472449554	5.81456595751	0.118935386957	0.530518316382	10.9127439201	0.417908071307	4.65230170653	0.0206781511812
bin.24	1.28110235646	0.888484992429	1.74449779196	1.7100075821	1.71887163044	1.95433918017	0.970848034024	1.90657618376	0.396997896925	0.224184588148	0.627646091037	0.0546881061959
bin.41	39.8168210312	0.180937635332	47.9905186215	4.3913634853	15.2919880248	73.8905496943	0.223542644981	42.3534764453	94.5935693449	1.41920410705	9.47356744155	0.100379243277
bin.10	0.019883820493	0.0263288323177	0.015425200067	0.0154935745032	0.0128729798273	0.019012932953	0.268184340408	0.00675651255564	0.00695485150747	0.00629520773168	0.0112585726177	43.3520205001
bin.131	0.405795801811	0.100488978239	9.14737451186	0.774921630812	0.0443928894941	0.545679078664	0.0756991003388	0.597084074461	0.681458689379	0.00792047594061	0.484361018169	0.005420185451
bin.27	5.65324364348	3.57319343475	6.34181359008	5.63137282569	7.52606277521	7.55944080038	4.7006230904	7.10993377744	9.91608004158	3.72990469386	10.336936701	0.176122996836
bin.279	0.0792118158974	0.0328215391832	0.782819039092	2.76004240946	1.80777803358	1.45015734736	0.0222263792654	0.094503677405	0.292037781908	0.031451742313	0.176424261572	0.00744560582053
bin.82	13.1825688077	7.07342458333	12.8646320117	12.9659821136	13.0015296113	16.4016558732	9.45529176147	14.7765510344	8.46221019807	2.11208449816	6.78205760052	0.0692158739691
bin.90	0.561531807223	0.814362686456	0.393620115638	0.819509524098	0.846161486347	0.51104759574	1.10746160355	0.514349356055	0.802448183065	0.965403220784	0.680375986202	0.00957133086331
bin.63	12.2883046783	9.38949692721	12.1578835995	15.9110559024	15.3504207756	14.6647694542	8.45808053199	15.1785959206	2.48687862725	1.22600838633	4.24937015977	0.029755865562
bin.272	0.55101583266	0.428806121761	0.486073173879	1.07790279175	1.04057343387	0.5534151462	0.530439755457	0.374397712716	1.01305270632	0.239121791112	1.02902505863	0.00544587860127
bin.80	0.956080427961	0.486845760952	0.700485232386	0.559635118104	0.735265849723	0.918970368193	0.386413104793	1.01599295465	0.671641453561	0.199226753614	0.489702694331	0.00123190850433
bin.306	1.09134921549	0.34929538649	0.566882393174	0.462464456024	0.719369197221	0.557397015796	0.502292210078	0.997518064416	0.542316251933	0.398692309031	0.739433877982	0.00530210119463
bin.241	0.507728841223	0.30665147403	0.371005467227	0.516083373045	1.03031357944	0.433873500468	0.479132300198	0.591382572492	0.954525677368	0.215549526292	1.45535000485	0.00540564978808
bin.316	1.51721620784	0.49715767409	1.06570655814	0.721876671832	0.317580064464	0.524989031801	1.04559911766	1.12721659247	0.962507739575	0.766822999677	1.02914219783	0.0
bin.68	2.35002434008	1.01585288858	0.233453316904	0.324086004615	1.29397191981	0.646954008411	11.6815456036	0.743140352814	1.15156635471	3.40466424496	1.88469225368	0.00678942484483
bin.132	5.56237796492	0.0997480299305	0.949112638701	0.153945201903	0.0903702441505	1.1065794149	0.493715078191	2.60875328973	0.282205224255	0.0586968582865	0.65655368514	0.00611692214246
bin.26	1.74434760778	0.327759572915	0.813823854546	0.510839186922	0.596471312733	1.32907721365	0.424138882238	0.934911722563	0.638522701325	0.204324429566	0.448438922058	0.0
bin.228	1.4953426107	0.0132019581789	0.395124662264	0.649731335933	0.332668432805	0.136666269007	0.688793750296	0.189336868577	0.418983690975	0.0507590566873	2.42530106378	0.00485371370079
bin.38	1.36925940555	3.39324156648	0.539943785945	2.51657583608	4.93538683117	1.29213826355	6.36573172949	1.60034884415	2.83086918762	2.79846481573	2.43756686563	0.019964421522
bin.33	0.0342865454427	0.0670133659707	0.0220068129947	0.0363285151258	0.0345327993138	0.0267890231047	4.1266417482	0.025583779802	0.0126340735931	0.0302956791193	0.0125628191483	0.0123076540893
bin.281	0.730330931053	0.645516975642	0.905453758003	0.920774169376	1.05703263426	1.21321735537	0.262449719156	0.571978360565	1.49128470772	0.326868493989	1.55413741013	0.00415905455055
bin.235	5.02094106418	0.0176707517954	13.3436674843	3.57377835473	1.32805329591	3.82477552134	0.0575740408622	14.3063344431	1.08689445224	0.02929221278	7.67519251583	0.0224960077414
bin.232	2.17821919515	0.290282812813	1.06866750566	0.76782053968	0.402403551252	0.653315554814	1.58825973653	1.25695394179	19.7401486863	1.48004528971	4.57526979553	0.0143713540408
bin.260	1.34468875478	0.0131370598712	1.92637045051	0.248721401221	0.274826964563	2.53169528917	0.570052952734	1.1552148143	0.928421431207	0.0285702329578	1.99231407888	0.00334783042855
bin.128	0.454918648802	0.375572413682	0.942694781287	0.705489451223	0.871111862797	0.884607427059	0.319636720124	0.750969641611	1.05025324368	0.286723388371	1.73257989377	0.0150427593298
bin.203	1.13130811912	0.365941250141	0.65956886668	0.519942888556	0.587843562717	0.618784263617	0.470382492737	0.823574172474	0.62389218457	0.374931461936	0.797728765936	0.00275263038098
bin.14	3.5700332802	96.9109373012	0.988119551748	3.10617781057	33.3240758365	4.46795903073	59.0495110076	12.7720700122	16.5349333584	181.70452144	8.15087044237	1.44221777221
bin.191	0.819004647899	0.900341706743	2.33829482403	0.682964964194	0.608558557204	1.18843451133	1.27281756483	2.71089388859	1.29192667572	0.462587283423	0.661054256083	0.106948376792
bin.7	0.00659451523187	0.00817472158739	0.00503856974982	0.00508166038921	0.00513401727443	0.00863592596512	0.101598183418	0.00301675847431	0.00263559869126	0.0052882977574	0.0040092419036	856.601647421
bin.149	0.539917820692	0.0591892733238	0.114069434314	0.586231903248	0.357942066998	0.193480175465	0.084299756863	0.108538556001	1.33575813952	0.107092552204	1.683684365	0.030775770176
bin.216	0.741691309291	0.218083460779	0.833655227275	0.941046785411	0.662542052876	0.816982090853	0.101759865048	0.5010336911	1.25334861992	0.101363746099	1.32037958933	0.00342116156556
bin.44	1.13975568358	0.516357143134	0.936372734712	1.17402661247	0.890138161695	1.15864902687	0.743063591352	0.816959569409	0.731522281206	0.339120518905	0.852754638766	0.0
bin.294	1.07776102333	0.367541863199	1.53379076979	1.45188083674	1.69842825908	1.93605599992	0.244773871008	1.09586779804	1.84049793822	0.291483062081	1.82462399055	0.00367932616687
bin.97	0.146119209272	0.274707099881	0.0797462981141	0.212600088438	0.29599724858	0.0769687892067	0.214227094065	0.0872871282481	6.68367259831	4.63194554051	1.09461367819	0.0107055492924
bin.275	1.15374837564	0.0431519417589	2.11266439673	2.22993982623	8.23465728485	4.33323908117	0.0640511179174	0.86819142628	1.09388783237	0.351920880688	0.486555262065	0.0117061278156
bin.146	0.992629427878	0.278181171593	1.98696296377	1.9633040782	2.01115273615	3.10115588178	0.216231605521	1.16339365468	1.87323031831	0.176783934472	1.8688098719	0.0092283686274
bin.184	3.07617734336	1.77963858635	4.37560729286	3.53401417425	3.25198433666	4.91382137898	2.18946252666	3.83108761918	1.12100127669	0.402777194564	1.25104582271	0.016140171353
bin.224	0.785432608238	0.321163801879	0.549141111408	0.520288565586	0.952563798117	0.722213812712	0.564006107878	0.71484121645	0.896481737743	0.168031787473	0.532700638013	0.0008756970865
bin.137	0.0997537803107	2.40209997103	0.0951478210378	0.0646043478207	0.0923365292912	0.0595005744093	0.302259750941	0.14650001609	0.155378363109	3.90922867522	0.270729382482	0.00517612326584
bin.19	0.727491093339	0.189677550916	0.498071466157	0.629205819001	0.602130400384	0.50428134272	0.533397744802	0.632028104731	1.97210773331	0.456801985958	1.05686590206	0.0046997293296
bin.156	1.84235385293	0.675270772312	4.02535804172	2.03692513707	1.55411669706	2.17758692688	1.59927389046	2.15008919234	1.75704105695	0.138627281828	1.12684105737	0.00847680486127
bin.245	0.243148150926	0.072718929675	0.55775965337	0.501576000722	0.651560039297	0.921728895247	0.0536871964929	0.384045911755	1.56818329015	0.10259664595	1.3390270205	0.00155201226242
bin.326	0.366382853149	0.243761377777	0.361657475949	0.802704398287	0.778466003621	0.437912915712	0.555914698432	0.69275899229	2.27307554021	0.502924617583	1.00050761401	0.0
bin.172	1.41000289733	0.973988263264	2.5967054679	2.03191039185	0.923584699598	1.48074034006	0.709373488347	1.30433071433	0.212500856485	0.0942515009143	0.209880495698	0.00934199627813
bin.298	0.587164083469	0.129247479256	6.09118506557	0.413683353708	0.147120999479	0.64251814363	0.873373980408	0.859972982644	1.98385090476	0.151741903953	0.42925528982	0.00718630335837
bin.124	2.53734940363	1.81469969396	2.31757576615	2.62344940051	3.50800375009	3.26337057004	1.91868854142	3.55057260254	0.693385696811	0.348781096206	0.844023835224	0.0182038799012
bin.200	2.38706345918	2.95307887445	0.174658085738	0.294466166528	0.855568520388	0.320059628572	2.03806996868	0.410246309384	0.798759210095	4.07227559062	0.452131598784	0.0128099095589
bin.151	3.53649275819	6.92482930445	1.76093377159	12.5906378957	4.85527301201	1.66276629661	7.63106852374	2.26540995641	11.7329963784	6.26598965926	5.46538781101	0.0263416538845
bin.48	0.369685665738	0.0361794108816	0.919131581525	0.136867406955	0.0499503222128	0.0560735532899	0.040116730504	2.04517862086	3.87996651969	0.0205804138235	0.516955823723	0.00787724067553
bin.327	2.41872715982	0.882370925814	2.20147264983	2.26510002623	3.44552025407	3.67788511672	0.187580626307	2.05639048651	3.76672401101	1.01260457087	4.79372082603	0.00625018082796
bin.247	1.23485902463	2.68552641777	2.37729622321	4.3047678712	2.25048126458	1.62992123478	1.01812763343	1.5331628348	0.686150458114	0.447921362457	0.605138881133	0.0208414091141
bin.93	0.776372466076	0.510117092872	0.988153796747	2.20449301658	1.10096336722	0.953350958866	0.522463024946	0.798052049228	0.423390408689	0.114703801117	0.483518849362	0.00608396452354
bin.271	0.671955199191	0.217639037364	0.710524523704	0.527455486704	1.2662558849	1.35632525778	0.204924586461	0.801023418908	0.904134826784	0.163456444004	1.50728702404	0.00592817306356
bin.29	14.4500627737	10.6759434979	14.7491820752	19.3118922923	17.3929941333	17.1044493344	10.0621408549	17.4746467347	2.56078440565	1.25543901761	5.02744294288	0.0796983111077
bin.252	0.571628675663	0.325527093553	0.873040874053	0.834688377348	0.417787060743	0.536993012346	0.24688883964	0.374989818794	0.88649637681	0.264888985949	1.8884344091	0.00494845996777
bin.193	1.99213769438	1.7692295163	0.936040326294	2.05275561948	2.72837248882	3.7248129957	0.517472492046	0.609851050033	9.3016912131	3.62250761353	11.5576551429	0.0121215058462
bin.112	0.901016197046	0.386410371122	0.552832414754	0.668599671285	0.484730913911	0.509855154406	0.296703558551	0.556140546245	0.726179373363	0.237381257042	1.05972547706	0.00635376485169
bin.78	3.49667433085	3.17638275745	0.0554512916976	0.0261071975898	0.0195326669357	0.0320674897345	0.0247445549262	0.0837645657722	0.0302010686304	0.0322786002901	0.163143057597	0.00642264849722
bin.179	4.64936714989	0.457494909511	2.5213311305	0.579271421038	1.09520323679	1.74337913126	1.25753165558	3.11332959633	0.731083499136	0.702386820165	1.36137172715	0.00810059233951
bin.50	0.744759670832	0.455498816428	1.04917979052	0.999807246248	0.952768219907	1.12419928536	0.55790624019	0.951857100047	0.375062690614	0.187529969421	0.45191682545	0.0131499397166
bin.122	0.846003213847	2.4850176096	3.3179882438	3.41071916505	0.84211612776	1.21268115028	0.490340528368	0.562815363872	0.0245925071022	0.0137535432205	0.0183289299755	0.00853310000431
bin.310	5.35880156443	2.17223539433	7.24937222197	7.24965948396	7.63607872608	8.8895010759	0.946568946589	5.47619952667	9.04090464488	1.58025402048	9.74420709261	0.0343083441791
bin.110	0.312477051792	3.83252559372	0.705618344443	2.63493568345	1.3204133604	0.801216624264	1.48029887165	1.0836706056	0.146985825356	0.316162011974	0.106105015454	0.0106466869415
bin.117	0.838665012708	0.406875201589	1.32450260403	1.06401148425	1.05118384404	1.37480347041	1.45432776848	1.47518875922	1.98234232064	0.434654263156	2.73742356992	0.00710351570145
bin.210	1.89645207085	1.67524540912	1.36969755915	1.7280914846	2.99537928708	2.38187812475	1.71230313555	1.99367045395	4.25265186538	1.3639115597	2.54056878936	0.00886050929881
bin.61	3.2630957647	2.14275366437	4.41320855998	3.70582642447	3.84893226556	4.38296028376	2.10288604176	4.51599476943	1.33965385784	0.58063514305	1.77099064545	0.0318327465674
bin.66	1.11422091373	1.43292710157	0.796421143191	2.3182887509	1.32583459793	1.11423171959	1.30362358679	0.896998833778	2.53800170109	1.97059931357	2.72196126179	0.0166155643535
bin.73	0.559730927022	0.437369202728	0.624059400215	0.657075490793	0.790125415439	0.876737104282	0.390683419012	0.845261869901	1.08615827659	0.314023665581	0.897880489108	0.00114080361467
bin.268	0.281497841376	0.287841979049	0.119684378282	0.0796154192416	0.106927104983	0.096743879882	0.393297253336	0.824339721193	1.61282002484	1.60028676535	2.95778794827	0.0239570776543
bin.263	3.39691456926	6.81330412931	7.82952072685	4.90122821124	1.82574788834	2.38069369031	4.81529693321	2.68846301721	7.04257505965	3.17263200539	4.6929210085	0.0703112436202
bin.86	1.64566016145	0.787245526186	1.73488807428	1.36901995517	1.29011887908	1.82860419962	0.763093777484	1.90359426174	1.36954195878	0.415487349286	1.099471631	0.0122015022422
bin.76	1.36985259047	1.09351022533	1.46104696393	0.884295865449	0.554928741773	1.2025682509	1.91498756276	1.75626150611	1.41950161703	0.957153758665	1.12344004081	0.0
bin.153	2.03644847564	0.801233285065	2.65452805143	2.53706175737	2.59005244307	3.46399585392	1.34126298073	2.47142512743	0.885435769414	0.283197311981	1.04178792411	0.0
bin.169	0.610615634424	0.302268981017	0.757118225627	1.81033931303	1.60920412929	1.11441300745	0.123683763946	0.871535956337	0.126477453204	0.0148541139197	0.0931672191904	0.00923755234013
bin.285	0.858707797674	0.608807111506	0.476635153882	0.831909566483	1.17522893535	0.772730905767	0.900398465256	0.821840864227	0.763174429482	0.38876856637	0.895807887129	0.00738997971471
bin.240	3.64797149322	0.48134901914	1.08343672562	0.429838035349	1.40076641643	1.28833805008	0.492043477935	1.5290387424	0.868210866589	0.780286854026	1.3404716875	0.00632349097707
bin.221	36.8155804903	27.865878384	37.475803605	49.299536521	47.3667017461	43.7719924434	27.3907820159	49.8006193796	8.87775092062	4.45321789766	14.4006789354	0.182906752124
bin.308	0.359981170231	0.270442432206	0.781176329491	0.5683435301	0.635228931055	0.606991699389	0.294400873434	0.483678878938	0.79015179052	0.206900592677	1.42422302801	0.00360373552354
bin.183	1.46282346435	0.402721727389	0.81605691651	0.560947356636	0.848212119404	0.633830596337	0.633517523593	1.3028880441	0.788223262007	0.638814140534	1.05460024197	0.00398008616014
bin.36	3.97084666051	0.484600751899	7.49214288586	10.523759769	8.72450978444	9.78885341243	0.193426167411	4.20960623074	4.86086599423	0.25528917656	6.69930620517	0.0357445817594
bin.120	0.436428360934	1.59337567074	0.182876652838	0.257434438701	0.532077062338	0.819609909108	2.98926795526	0.425085724497	3.01064789103	3.2624980838	1.89898591364	0.0166259385085
bin.136	1.4059883887	0.0593214162363	1.23950768245	0.855673974728	0.829783567669	2.16824369977	0.113363445905	0.924665292225	6.61766123762	0.102106607721	0.835177187691	0.00729119368108
bin.188	0.690214223769	0.292361811471	1.36683568791	1.92514050472	0.850559354609	2.02602703928	0.0892420298681	0.168309589203	0.688783846553	0.0363060947303	0.41903984827	0.00698415564268
bin.211	2.52281017257	0.17888087937	2.88556644208	0.449772419017	0.431641718642	1.71285994926	0.620863231548	1.32463865186	0.748465260217	0.0688474635123	0.51775754783	0.030851876369
bin.231	0.420671203976	0.341465997191	0.337655381525	0.423214975059	1.34997317023	0.864990119505	0.366351338451	0.740536413293	2.722797949	0.407260718212	1.98793993871	0.00722583763536
bin.15	3.45721325168	1.19132536427	4.6964712647	3.70959273554	3.182964007	4.98663656098	1.4379057272	3.22776520352	3.81435470769	0.671078214713	3.20186563541	0.188821923863
bin.246	0.44244387253	0.109733690028	0.614189684869	0.44430227664	0.641207017776	0.881276195156	0.113439456097	0.468783661526	1.06675241759	0.120723574246	1.00485189074	0.00204875797937
bin.147	8.17345457288	0.550031538292	2.39393011267	2.08351610911	0.816516973419	3.41043501157	5.37192924191	3.32240503872	7.18369414965	2.28692785271	3.91921041767	0.0197887093759
bin.140	1.17315332307	0.343693735891	0.992237387324	1.21060822903	0.777611897442	0.968609755536	0.439848607345	1.04482752969	0.939526991542	0.266404963878	1.25736848472	0.00590848080294
bin.295	1.06935439859	0.316127571726	1.92826217726	2.8585643412	2.04936728488	2.0473274858	0.146424947035	1.39781072694	1.64355429168	0.0940834525618	2.04206466692	0.00215153447412
bin.17	5.19495514826	0.366554745429	3.96540751832	4.93499379491	6.22064343079	11.3032547535	0.769821464056	4.3877772714	15.8545658833	0.679468197188	4.56049571162	0.0358125333229
bin.49	0.757637892013	0.684983976638	1.25699362865	1.40014023659	1.11186686315	1.08378195401	0.516156874063	1.18313748869	0.244808604705	0.125769915656	0.416686804093	0.104325421024
bin.254	0.782856274153	0.811057111504	0.929566675671	1.24347950807	0.625886101078	0.490316961525	0.80660379448	0.93402174893	1.90327847947	0.39136222085	2.77348025227	0.00483679282274
bin.244	0.638484279313	0.624386851288	0.843511275144	1.12006817313	0.47193386941	0.400055120167	0.614120039762	0.663285563149	1.77939282757	0.296328211322	2.55606913723	0.0152308679111
bin.320	0.925578019089	0.81820348585	1.34709222525	1.5823497522	1.22970121349	1.23146367653	0.692013965557	1.19118629084	0.362224372885	0.200733254732	0.534452456707	0.0368292426079
bin.196	0.245840312874	0.708604516065	0.151840616595	0.114145921171	0.273191288767	0.278215832023	1.02381295181	0.595387803152	5.86889774612	5.6384967136	9.54927443571	0.0129271054145
bin.304	0.35794869663	0.285593785083	0.807272386924	0.487675483857	0.793633054686	0.814633399318	0.21755308373	0.57054653671	0.915134320403	0.228593032441	2.18273437887	0.00633710695228
bin.51	0.912393400717	1.33278617736	1.12724720034	1.81380928157	1.46698244848	1.26652748824	1.07020687337	1.18318154216	0.17908063661	0.0345117179676	0.147498748668	0.00895442358128
bin.118	1.12177381819	0.0240050557415	4.11402433843	0.127533523443	0.130213162901	0.784381429486	0.117506734706	2.38253725195	1.33468019963	0.023281104446	0.205625953555	0.00486446423043
bin.109	74.5829597153	53.1747325527	73.3721907872	93.5561097376	86.1102209295	82.9407230391	57.9817114763	92.5445604112	16.8266765758	10.6575875998	26.6793074703	0.404132675427
bin.77	0.58585066838	0.663441829669	0.665491523072	1.1552795582	0.838982466593	0.546262755235	0.598060752759	0.802534023931	1.84445661012	0.677522266822	1.01869642089	0.0286567548689
bin.139	0.853256106158	0.649090804083	0.748552027893	0.885652010892	0.868296962727	1.03390916434	0.820722327546	0.978545145996	0.500163017084	0.384747798622	0.882589755323	0.0915788631479
bin.103	0.416198771841	0.163328527956	1.4412535283	1.68753401116	0.721628422565	1.48701180057	0.328328877403	0.475237801458	1.06768567678	0.0762489583839	0.819936861595	0.00862006425863
bin.104	0.904312330057	0.463595288302	1.21480047009	0.913099667652	0.797736937728	1.24963196646	0.70424879348	0.999193371078	0.606022926402	0.191151083702	0.880677807675	0.00601957898006
bin.152	0.449559134383	0.203633925799	1.23148387311	0.715777857012	0.517055072457	0.719717432566	0.131481577309	0.375234108016	0.792405638763	0.147454605907	0.870808051528	0.00545236736365
bin.106	2.65681513975	1.45616982838	4.63411458882	3.50992784256	4.46760656359	5.80100772828	0.942970888772	3.41024596534	4.19699683642	1.17286181129	9.79168785308	0.0122475308622
bin.265	3.93938500408	2.4654479441	3.54668569194	4.95019407813	4.33432795699	4.55765422644	2.77160305852	4.54372502214	1.9640320158	0.639425963852	2.13776863806	0.023059421009
bin.79	0.106775992191	0.0776596016779	0.681972910927	1.7713531864	2.36864940828	1.78235893254	0.0273544723242	0.131380607113	0.0918855440697	0.0211919937482	0.0750825357853	0.00655086696124
bin.315	0.403394771722	0.230028057741	0.758173124438	0.525513708608	0.469488003872	0.553443559547	0.270920710465	0.414187143602	0.696610836181	0.188663211732	1.08124896305	0.00330613603486
bin.18	3.78061028492	9.14837367516	3.26767992027	8.49573945374	6.83726558428	6.59130154579	8.90203801844	6.8816717226	0.267157571683	1.07594895498	0.390231101369	0.321359434486
bin.164	2.64865846395	1.53421194205	3.03029612943	2.40368726667	4.26055624203	4.4911097979	1.43142286212	3.41730501714	5.32105655816	1.96134061609	11.4964189811	0.0874760989043
bin.204	0.759129374891	0.497072426969	1.09742947199	1.23836083119	0.945434376718	1.32488454163	0.776616203732	1.03617264092	0.635657501548	0.187931637261	0.711543616574	0.00590969089252
bin.192	0.366571285071	0.0545846373667	0.929799322051	0.895497428965	0.685016406001	1.15077642997	0.0396366721518	0.252601085292	0.891730586618	0.0416067449175	0.751976893584	0.00305605752299
bin.293	0.631548792391	13.623231211	0.21285772301	1.11506655621	5.68253742267	0.710468800908	8.59861307034	1.67416029776	2.33421227838	18.1446355232	0.889801514959	0.01843817852
bin.28	0.957892127244	0.478026761047	0.840412492522	1.029602478	0.880386477172	1.20443263082	0.582871687603	0.936903014673	0.729263098008	0.192232269183	0.973171035423	0.0
bin.296	0.3984260604	0.700556945702	0.33775883826	0.421385702386	1.58373204771	0.757944687222	0.698757990712	0.8415983141	0.232250383574	0.160620215918	0.210437412797	0.00751783404164
bin.253	1.64493843719	1.30460219563	1.09087742641	2.9249939173	1.88987846359	1.60821328779	0.61829220292	0.71822855639	0.572956949352	0.0660709843008	0.691491956364	0.0190267997128
bin.116	14.3637146919	0.0737241066046	12.6605108655	10.708335574	1.84911127479	8.40872200504	1.3030363781	7.58943751851	2.18466305794	0.540497972575	9.98085901671	0.0357401353884
bin.46	1.75140886888	1.35192855336	2.81380613957	2.5758291369	1.60514393906	2.3841913954	1.20279231773	1.81489998777	0.366995760299	0.166022196306	0.398249941901	0.0355005249456
bin.35	3.02361286535	1.65510960377	3.71656373958	3.28015608914	3.4967716789	4.01645498309	1.94062765691	4.22010544236	1.2491950938	0.574167943736	1.69496154055	0.0272553255907
bin.270	0.591278916033	0.0835008680969	1.07907697734	1.88973297657	2.61390322588	1.4883163678	0.0396449105227	0.489249047811	0.538073425461	0.0236416573083	0.491488032351	0.00596446907855
bin.54	0.667300033576	0.323427272944	0.698258950934	0.894077234761	0.813762604066	0.844505825112	0.484382121474	0.722786074155	0.672636464456	0.185202722861	0.779211528242	0.00786164996256
bin.30	0.609448559736	0.380173736902	0.58173083731	0.871285807933	0.849187344655	0.981561642186	0.439115329616	0.698686485049	0.408558691132	0.12099513951	0.639117110271	0.0
bin.150	1.01868963556	1.20447147518	0.900729988664	1.39227877008	2.04098244013	1.41154162171	0.961464639575	1.35243386551	0.505957380483	0.271496909533	0.532488486465	0.00796687225636
bin.219	0.852630899078	1.05473021782	0.89212752975	1.19947169798	1.66085798556	2.24724682705	1.59525904342	1.71145140522	0.421381152651	0.222114622564	0.357703118239	0.0108296310842
bin.88	0.481809863505	0.211599151803	0.240281782881	0.378819399439	0.756010360639	0.62149016747	0.247684037965	0.547668033517	1.50251435968	0.233680856659	0.921271153738	0.00169152097725
bin.266	0.500011461377	0.25627288771	0.815786735239	0.725805609599	0.598907153373	0.682873961479	0.280410067021	0.456585952992	1.39036914833	0.211154735478	1.48721029715	0.00136827654851
bin.319	0.952874782866	1.33582161697	0.428135808632	0.975732895663	2.59403699933	2.55442211911	3.13050876693	1.74743082153	0.604229422885	0.35580944936	0.411816769444	0.00452379755785
bin.16	25.1968501236	9.75145928374	30.3606786518	25.1735973056	32.4732987431	32.0067156619	13.683454821	32.5078147742	34.4779921884	10.141577289	42.9743464371	0.45232818037
bin.302	1.27569590899	0.465876279879	4.14179157427	2.05462564207	2.52415801877	4.1180123813	0.776203512514	1.55514721797	19.6352877733	0.655649934861	7.61701757436	0.0162454775809
bin.127	0.124182951211	0.158127585521	0.0522498298377	0.128351386438	0.536061682271	0.115390919618	0.185364307114	0.0954265636241	9.14997600179	4.79757806369	1.39025916846	0.0061653879728
bin.223	1.29501723252	0.261005126606	3.05972856245	1.66259927857	0.811212492712	2.57935962391	0.485274339317	0.966302091835	1.71394424606	0.17570649946	1.21861173744	0.00714185895265
bin.257	4.21960102738	1.54678608183	5.33933512077	5.34090230344	5.96989455759	6.72221272714	0.884276245141	4.47083497808	6.70518228808	1.30710887155	7.50684679894	0.0188668434803
bin.185	0.809600517479	0.351145104809	0.723839639009	0.620914399644	0.782425045498	0.94108384761	0.440989385513	0.871159070761	0.998908203414	0.275267999455	0.898446115461	0.00354844695437
bin.331	56.9779487254	0.87133417957	5.02128477312	2.61392964298	0.295170266897	10.1631935674	0.239232780119	1.02795909715	0.131227599997	0.119778402695	0.107887021671	0.0135054377074
bin.161	0.149453434241	0.0780446902819	8.14615232105	12.2074704129	7.39259588895	3.33872507717	0.0264821823795	0.146875845778	0.416935854439	0.0695148589506	0.396157594063	0.0112429241438
bin.95	2.15564215932	0.822527050153	1.06221931785	1.92403713503	1.07362836279	1.01263553471	0.770368770667	2.80837218821	0.676853434505	0.325096148475	1.97669986605	0.0105421205963
bin.174	0.597241883587	0.231019794015	0.439925657585	0.646434904842	1.23272309415	1.27843716477	0.774351412942	0.853556375245	0.910591499952	0.2552728118	1.01599032175	0.00398693081307
bin.289	0.338302059297	1.1041804034	0.203308895817	0.202687460255	0.350827056582	0.469646100557	1.51120953962	0.484758305931	3.33603701186	2.56088338517	2.06568030254	0.033986242421
bin.170	2.76953986554	3.05175781563	1.51010351449	3.54869590074	4.8214720155	3.20055762489	3.61219726333	3.21387365184	4.042721966	2.21190064035	3.07005706479	0.0159641056482
bin.39	1.90455065766	1.48141303354	1.91656282905	2.51118574705	2.33835763807	2.23383569904	1.54433940286	2.44003132186	0.432462348357	0.280521043678	0.719591590772	0.0172729661732
bin.187	0.300259421606	3.61429470456	0.177849506353	0.508547353146	1.17619472961	0.343292348727	2.1369496653	0.341149256818	0.227256062005	1.17236666553	0.287545705892	0.00481771700743
bin.236	6.51121683997	3.68425923815	6.879356467	6.19922320065	5.455819507	7.57396766357	5.31641172225	8.15837881811	2.30724714542	1.16235469431	3.39198852837	0.0445860245221
bin.176	1.4220048707	0.195922878706	0.537074277658	0.280969084406	0.216172434057	0.388671679024	1.05563371713	0.913995811268	0.698351602308	0.89577716703	0.641916622661	0.00508483219
bin.171	1.37212982204	0.242354097494	0.805536138614	0.275722672925	0.318816257403	0.527211708662	0.299446258455	1.07464286453	1.25677619626	0.416395515108	0.541295267955	0.00399559447955
bin.98	0.0364336444158	0.0540812066315	0.0153166080518	0.0239493784631	0.0444878130249	0.0188775567256	4.80962158298	0.0214230598629	0.0116583089762	0.0481087954375	0.0112058033348	0.00424393632673
bin.227	0.277504391421	3.32177311241	0.10512921884	0.45515267534	1.02579151928	0.249558241724	2.06791047146	0.295907027301	0.337805690557	2.17862694569	0.210948288525	0.00576727420018
bin.162	0.310895699833	0.456465285582	0.358456821193	0.536193874404	1.3924771778	0.297633823992	0.455399488503	0.304019825704	3.95082257204	0.704587366675	1.5826191492	0.00853147503869
bin.282	0.566002280023	0.226533309612	0.689872817783	0.510603788175	0.644600194491	0.726710082388	0.259838853493	0.532446128229	0.784114938899	0.221247254411	1.17717811432	0.00481316126202
bin.55	1.94296468665	1.63007681979	2.06372698691	2.63736777133	2.42239296171	2.36818620763	1.59932108242	2.56159061042	0.406088250165	0.264724000793	0.736854489174	0.0129412245714
bin.242	1.07969269807	0.664055655474	0.93314113913	0.828270442998	2.82086207592	2.17534566713	0.835171083416	1.5968646971	4.94170751159	0.897331371261	3.96343968639	0.00606667958735
bin.249	0.231838640576	0.233370793053	0.191317562822	0.438582347569	0.673497494895	0.226395358835	0.237294508369	0.156815718149	3.62487097325	1.40153834392	1.54327888772	0.00611284126272
bin.217	0.509624719122	0.264299851589	0.620265172355	0.404928591877	0.516341397059	0.687430100565	0.258607000128	0.542981369098	0.701901769512	0.233055315265	0.918465456215	0.00337110650603
bin.181	0.620881428331	0.395402716541	0.30373130816	0.684155349133	1.5973449377	0.974992153672	0.746407917813	0.903712160231	0.301633773964	0.191170806718	0.33126856885	0.0
bin.71	0.650882349831	0.427136657217	0.849333740506	0.784624769779	0.930807887875	1.2353858495	0.589083203192	1.09789917593	0.245267637637	0.089044210177	0.387083352471	0.0129343652693
bin.287	0.552028471791	0.346534368326	0.654127405659	0.636941092716	0.757248422254	0.517956277828	0.603544572254	0.579718833808	0.550726260831	0.169579632941	0.779199102919	0.00219286465916
bin.178	0.772315194812	1.77371894662	0.861587053021	2.77461039837	2.94251229649	2.47227460544	1.74155539073	2.5914307101	0.204436825997	0.678167741812	0.103707997895	0.00705153676687
bin.305	2.28495849395	0.905653302597	2.10035578505	3.56612594538	5.48624380405	3.14473763959	0.108961718029	3.56441121584	0.383332127832	0.0139537463643	0.141375208999	0.0164995188878
bin.175	8.99863508491	1.72724623141	1.84766061642	1.73878418853	1.85703208021	2.21604167323	1.96992861647	1.99098097705	0.529737191288	0.321085869203	0.815938722051	0.009067767237
bin.201	0.873650572263	0.549817795226	0.702284260288	0.738186836423	2.1507403409	1.64673719961	0.670879799878	1.38983969699	3.21557437328	0.632275665498	2.37743606442	0.0055801010844
bin.197	0.157790365448	0.0406989381831	0.0562726805128	0.535436256611	0.425650731489	0.223910147809	0.0775669898667	0.0745212418703	1.67909211115	0.0355600466626	2.0196564224	0.00453704239863
bin.105	3.17519839971	0.104616972438	0.559897843345	0.367420264207	6.11498742634	1.42541302242	2.12509368632	1.29198584027	4.68174607137	0.312168860778	0.461480881407	0.00818641469959
bin.166	2.99039987868	1.83504980187	3.15333517498	3.4441653111	3.15623443255	4.19484762389	2.86689851244	3.91499211178	1.51697108016	0.659166781577	1.96769228209	0.0168064970951
bin.163	0.948646319959	0.776183014966	0.268000156472	0.546839988214	1.60565683255	0.551521359249	0.935007296314	1.26964893961	1.09208081542	1.0135857495	1.33679932346	0.00489073389948
bin.168	0.782677494899	0.446352196156	0.655847338272	0.480261916712	1.25128318372	0.914556883637	0.386131720309	1.00532312469	0.640876883534	0.211200759608	0.673939857395	0.00342911609632
bin.92	21.6610183343	15.4543619449	19.876740047	28.6773970775	26.7410336122	24.7772448055	15.5924385405	27.5499166489	3.97218921696	2.21209726409	7.92132975655	0.100385007005
bin.99	0.792592132492	0.575452922712	1.15872922552	1.04474928616	1.03435506137	1.4919473747	0.738816531987	1.16503547847	0.300711365099	0.159804021147	0.354612902451	0.0167143124997
bin.107	0.329244848015	1.2329874193	0.25342804597	0.178883571077	0.698333341526	0.368149817577	1.55380561435	1.00182331273	18.4591043959	9.643168716	7.61629362827	0.0714498715514
bin.303	0.353957402879	0.0500749532115	0.225292922984	0.209914037893	0.0617404336845	0.113642622758	0.102997410723	0.427348369613	0.257948164459	0.0754270879943	3.89479311291	0.00739239826445
bin.133	0.526801301399	0.277108176184	0.147796806234	0.172816430633	0.171563085109	0.140562944217	2.51495643769	0.389672206792	0.169492293975	0.350784456323	0.11420134143	0.00406759470445
bin.317	3.57109973841	3.37099777969	2.75361074358	3.29867532973	4.24039378303	3.49502668944	2.08193996261	3.61480403416	0.476982846062	0.070857508121	0.256322721915	0.0124153254896
bin.64	1.40512121232	0.25279928404	0.571125257517	0.269840606144	0.208763650064	0.432820158581	1.15445633239	0.918603564296	0.705097625326	0.986741132708	0.620622915905	0.0
bin.87	1.19732002724	0.243654775534	0.674048299691	0.726210810665	0.457543209694	0.579480272297	0.630820208025	0.954860764829	0.631915049143	0.430618632143	0.88304792924	0.00423229476154
bin.234	0.5447442674	0.834198980981	0.0598740190874	0.142665396288	0.932143447584	0.352854708367	6.89647183237	0.285201668405	0.441694685273	2.97392941722	1.10412814448	0.0058262042991
bin.301	0.97535599505	1.32485788447	0.485065990508	0.9624150542	2.73683234206	2.12671646645	3.28617387675	1.85530102656	0.69981510945	0.364299105237	0.46007851475	0.00693826640408
bin.269	0.707458597783	0.463257826506	0.625681511561	0.603249850254	1.2277144676	0.962261253294	0.539003775125	0.911862626735	1.82993361336	0.375693436605	1.19796028158	0.00341887839592
bin.126	2.47987304928	0.184192396768	1.1150847357	0.306376919487	0.225409377588	0.622322492803	0.440557305676	1.48068250415	0.31867243607	0.182478649761	0.565018636576	0.0
bin.322	0.64118399248	0.239955436028	0.858518794759	1.0076058523	0.894391775343	0.881704389949	0.186960179035	0.412824930159	0.576586756288	0.103928691044	0.767444989469	0.00361007619815
bin.297	0.784319328573	0.496723709751	2.88345838585	1.07487428557	0.823137339621	0.39337806791	0.378610414875	0.447797760202	0.212337019813	0.112386467459	0.310202904835	0.00862684794983
bin.42	1.25219413269	0.200798416553	1.31044990134	2.16880829793	0.93376265264	1.47507426989	0.100982473458	0.664105233617	1.49861607994	0.118052735928	3.89184676601	0.0156658485525
bin.237	1.14080895338	13.6717432266	1.76173490429	1.51659776567	1.03461691105	0.87456774021	2.62482111903	1.33536902531	3.60778541613	6.46649824038	3.18994777231	0.0664053635845
bin.67	0.970298363907	0.910588658148	1.31802376724	1.52970608028	1.35005778491	1.50027131598	0.829358410452	1.4195619243	0.343327627017	0.189069646522	0.550871837766	0.0188979537199
bin.113	0.833223523142	0.244464218357	0.614193937796	0.585526606431	0.521005436231	0.732892866868	0.212243451858	0.40542030849	0.796928681795	0.169991859744	0.99836119749	0.0
bin.2	0.013738057512	0.0561062496538	0.0127127642203	0.00988275278489	0.0201502153945	0.0078989962703	0.0742795855551	0.0159396606167	0.0277556791406	0.10163846196	0.0204372281508	381.347928487
bin.5	0.00924602257969	0.0118636260062	0.00868912513576	0.00528930741205	0.00551717300677	0.0113870548282	0.00901635682516	0.00529073041043	0.0130100247308	0.0104229477982	0.00996494913879	853.476051361
bin.311	39.0612626414	0.631105404353	45.3427351418	54.8000049299	28.7731901258	61.9042955717	0.872700006705	11.7650624803	51.8991982951	0.463034993922	74.7189407968	0.217667176388
bin.11	2.37258001886	56.644840729	0.742999454447	2.18553201267	21.951939556	2.97980050286	34.1507410464	7.46410595685	10.1635184745	90.7349994663	4.48242519201	2.04040460928
bin.31	1.00121174788	0.709377079379	1.2181465544	1.36905865936	1.33675707834	1.5955622886	0.918650018813	1.28056912238	1.25361038603	0.316860515036	1.14921516711	0.00379388799315
bin.144	23.8554848375	0.369517857755	8.72068955792	3.72923749351	3.31117036316	3.32267623815	6.21170590192	26.7674083665	10.9040032944	4.24238803463	27.8909616834	0.0430467819107
bin.58	0.57037159715	0.481157121089	1.79403849388	0.457813721928	0.30681443576	0.36441285328	29.6003992418	5.27872429375	0.213441990406	0.759360323154	0.251265115818	0.0109674774962
bin.288	1.49428916953	0.187982513245	0.646481436353	0.422620651664	0.321120017574	0.299073868053	0.120213333274	0.248741964874	0.435719276629	0.454938504927	0.840970581289	0.00231077065564
bin.72	0.734087399006	0.478787048598	0.375303668262	0.732164137337	1.07286928694	1.02513130887	0.424646066995	0.719662710699	0.907797105819	0.238182219309	0.456512266006	0.00591654918831
bin.142	0.773079819385	0.952696318862	0.765800566452	1.83354636681	1.0993279712	0.818136185907	0.704181110309	0.617441096861	1.64549205295	0.879567290322	1.98670135238	0.01127286595
bin.262	0.06846873894	0.164371810713	0.0643361430841	0.0448784196885	0.0634366232554	0.0421836753569	3.54946775291	0.0596181908439	0.0732082416895	0.391940595431	0.0576841732755	0.00502570637626
bin.3	0.0176328048053	0.0680476916425	0.0194178632687	0.0132253344465	0.0243181567688	0.0162342858472	0.0898556273946	0.0157761383142	0.0224692903903	0.129403848734	0.0191023320753	603.423154767
bin.69	1.01348951244	0.626172893061	1.26776575303	1.18506287669	1.3105444331	1.54479452755	0.802019510101	1.50229027979	0.457221617345	0.167374797148	0.645288677933	0.00515727216311
bin.239	0.559610039849	0.209937972964	0.411805597985	0.528854641241	0.500312932194	0.454311215383	0.525299857095	0.512430071493	2.85676626073	0.639040036471	1.1320923431	0.00393551435913
bin.182	2.16511369438	1.64982061033	1.27477066697	1.37012285984	2.59867133596	2.34270134304	2.00734993486	3.4059984187	1.52882982226	0.969608122997	1.86452336771	0.0728225734382
bin.123	0.732873397644	0.420801858473	0.906716641058	0.859492581376	0.913636294903	1.12065489913	0.59931102521	1.07295675635	0.393933256981	0.154783302599	0.513881599227	0.0250516011813
bin.330	0.673679801427	0.55811758265	0.707231295872	0.695677430276	0.862652320487	0.798876511192	0.628727785264	0.926506776596	0.95927371077	0.324394729246	0.904134752344	0.0
bin.229	0.824209045708	0.028299143154	4.50498804907	0.634090993241	0.0807742900528	2.51990183377	0.0428723444518	0.0988216987911	0.24822534671	0.0259101242812	0.100223886681	0.00329828845474
bin.212	1.52135986029	0.349895574044	0.993454770057	1.72726958857	0.642881252758	0.802695699682	0.490851856737	1.66721270433	0.791424262301	0.235524553042	1.65884346781	0.0107914433957
bin.190	0.880939617361	0.320197094497	1.0813119801	0.722513784622	0.822373533603	0.872305130427	0.37918804805	0.695513338287	0.678452938749	0.158903736045	0.880140770916	0.0
bin.159	1.85248896003	0.685111676668	1.34882724618	0.937997488603	1.1575306062	0.821571382747	1.19100176042	1.36826711413	1.08501761416	0.547965898406	1.12260969862	0.00579248848195
bin.21	7.05969799125	184.790503567	1.88847491085	6.01020582845	65.8889410173	8.8893348364	107.88807481	24.0318131515	33.1818818238	311.365697188	14.9606372531	0.328300290714
bin.32	7.69320804291	5.93393913245	7.65210603767	10.1446980045	9.91384098612	9.93949830908	5.89222245712	10.2122716808	1.4479089086	0.776663461456	2.63952568698	0.0396849305986
bin.52	0.234610291608	1.67417060763	0.298317621997	1.24022033969	0.093937327256	0.104103413525	0.162377545319	0.193307137726	1.59223779172	0.0933373208267	6.76270138907	0.00397085543834
bin.202	0.921117633719	0.51809502933	0.88714700837	0.936757630225	1.00841483716	1.05683546514	0.559203171213	1.19125426628	1.73777090751	0.297755028567	0.848256964261	0.00586861507155
bin.209	88.9613610075	0.0759066945198	52.0247990512	57.3154296813	10.326012153	53.1158775355	0.459759955259	66.7722903174	28.6401630314	0.14037037061	86.1966292226	0.22373114634
bin.300	2.24101019718	2.16160316353	1.87220502939	2.36742212828	2.66218092675	2.19159230854	1.35083772696	2.34583466357	0.322309995276	0.0500919877334	0.187811285383	0.0
bin.65	3.0776885049	0.260021531603	6.51449537803	7.21029265653	1.70628066269	2.54395374437	0.145155544165	1.05216939684	3.2097442522	0.119286463105	1.87590944356	0.0136638465493
bin.307	0.637460308279	0.0953935828394	0.332784839945	0.117701605178	0.463015841937	0.491072280601	1.26823995174	0.772567513836	2.70912397299	0.676438237759	0.283518817935	0.00217027014415
bin.226	0.405996567119	0.248433658238	0.566875529196	0.647035605143	0.47427743935	0.437179507214	0.508291607622	0.584983365502	0.938223251752	0.276683441907	2.03742804503	0.00344525308793
bin.273	0.0548277110352	0.028727613662	0.549202895115	1.90347793569	2.53584378201	1.34641485192	0.00907777089038	0.0770790644795	0.0481094192709	0.00921649130622	0.033026036523	0.0
bin.154	0.620265101298	0.266797309259	0.660553869248	1.11705999243	0.627971283513	0.677755386909	0.249389199299	0.499731335641	0.85687135457	0.181208280944	0.68483742861	0.00417929520706
bin.207	0.393379110774	0.0118155938704	0.117158721243	0.480304601503	0.160453829541	0.290614448531	0.0552432196861	0.0365684236432	2.72992592875	0.022248142576	10.5430333376	0.00703508884495
bin.286	0.552282844824	0.343619464253	0.435343149722	0.408035570968	0.906188110996	0.717553032751	0.45331752076	0.72332276587	2.01082120741	0.223709586154	1.11983074673	0.00289956887392
bin.324	6.20906296085	0.082801504617	1.26933137495	0.418713431599	0.36935948687	1.80529647851	1.61084928319	2.18903364684	0.867433550223	0.509576455407	0.502088828576	0.00881473528195
bin.94	3.35262096553	0.0987610325048	0.851774763167	0.409370638451	0.318194591926	0.599445512535	0.684570766881	2.26176307071	0.0926210557697	0.0371748991413	0.23461567377	0.00787117886878
bin.111	0.471326294342	0.0349438018846	1.59578266609	0.0823527117623	0.335348142131	0.0796079862797	0.0515616071874	3.39558668392	0.14454878744	0.0347155587571	0.551427967178	0.00724257580257
bin.276	0.403734545667	0.221978682358	0.59335604805	0.433069107039	0.541502403875	0.65788843986	0.229768907847	0.444612671696	0.969806920755	0.288118144727	1.39009888346	0.0106212854288
bin.75	0.532960096593	0.420112196278	0.307489190998	0.519596440104	0.986757138641	0.833422394437	0.435295667132	0.588580006289	0.970355594499	0.244352399815	0.617087928794	0.00881757764188
bin.158	1.4884484876	0.636060216065	1.83542786682	1.38833813937	2.16065587881	2.54521710153	0.541913656266	1.94020670651	2.73237402787	0.802033886044	6.19757526968	0.012791491162
bin.56	40.2322943709	28.9503189917	38.3597569435	51.062422816	49.485953577	47.7028130326	27.5490329674	53.4697050812	7.63317608609	4.10098576638	13.8196178378	0.211015444113
bin.0	0.0728527554579	0.0615573735858	0.0601527277149	0.0777664616503	0.0384004724087	0.0730949337557	0.73882477464	0.0328850984223	0.046076367909	0.190300483144	0.0396077331227	1081.33835096
bin.125	1.05524017218	2.94910358202	2.44976744793	4.43910826283	2.2058674651	1.43785105966	0.86572869242	1.40931264878	0.556041371885	0.323790315832	0.472273286928	0.00749345279251
bin.135	1.09597032042	0.662440056179	1.25153480531	1.22359222102	1.03468004582	1.36055133904	0.876261515093	1.40448722358	0.632031218469	0.265104596007	0.897651583346	0.0115722285367
bin.100	0.442706388613	0.202606451291	4.80280836288	3.29689079173	0.146576415424	3.45662011084	0.0762992086259	0.554456039843	0.102802358702	0.0133550683546	0.0772080061313	0.00882917676121
bin.299	0.627660192901	0.055713254688	2.26091390937	0.178035351938	0.0831157053058	0.944928345253	3.11017400626	1.06323965439	2.74308301449	0.209251251206	0.343092826705	0.00577442412635
bin.40	56.8750010863	0.142236773307	30.003441958	38.9561583949	5.38296423883	29.0341456007	0.770954867317	36.6847277418	17.5817631536	0.325979321138	58.3855486408	0.201989552523
bin.57	37.6297670903	29.8458691971	39.134057884	54.3198942675	52.1565047125	47.2482191106	28.2541370909	53.3285998625	8.46793512827	4.54857464646	14.5115345329	0.179601859229
bin.167	0.615204688048	0.245480756976	0.420613467136	0.46321477684	0.777812249175	0.73549653536	0.29519622851	0.621735510582	1.45254261672	0.273561084682	0.88050517882	0.00196968638373
bin.115	0.177435020253	0.0868981673899	1.25032461737	3.24660006607	2.05349965313	1.60969658255	0.0272425886484	0.194093811101	0.124434481498	0.0140984003759	0.0828282962708	0.00827428849463
bin.60	9.86193568465	1.46914354935	16.9373711818	20.6996157396	11.7235017253	17.8344471886	0.332580836045	7.11853770281	13.626806313	0.855754165176	12.5843243893	0.0784714086588
bin.280	0.153841499949	0.238925823838	0.059248397335	0.0534310216849	0.0838845302229	0.0781143902529	0.28332659716	0.254554633209	1.35065142524	1.63816494383	3.34345381243	0.00282172872253
bin.186	0.214819518527	0.851652072948	0.164483401461	0.107326590932	0.19698185863	0.160169870491	0.817168003953	0.482764300274	2.86037230167	2.61000958534	2.69638463866	0.0106761423783
bin.47	1.9977161088	0.809843580024	2.51351602368	1.98952908528	2.26805892288	2.73985909611	0.836504251591	2.39595505233	2.41456900901	0.491580367329	3.01958984133	0.012386790433
bin.165	1.35769649126	4.85261627908	0.13218560437	0.854376359264	2.20928249758	0.256588433938	8.74994810837	0.252844830117	0.614410811816	3.98277578911	0.717860929216	0.0154869830043
bin.199	0.145184394065	1.93138442527	0.120549938971	0.0984888111359	0.121151883859	0.0886391866506	0.387965473114	0.22116702532	0.195260297996	3.80377985465	0.398991509545	0.0035120671141
bin.23	111.584885108	84.3785037283	116.596833451	149.804440516	134.382789414	133.236829796	95.6671750576	139.565309274	24.3234585102	14.9085284648	38.8708372738	1.08757926403
